200 10078
1 4
1 5
1 7
1 8
1 9
1 10
1 12
1 15
1 16
1 19
1 24
1 25
1 26
1 29
1 31
1 32
1 33
1 39
1 40
1 41
1 42
1 49
1 51
1 53
1 55
1 56
1 58
1 59
1 60
1 61
1 63
1 64
1 66
1 67
1 68
1 69
1 71
1 73
1 74
1 76
1 79
1 80
1 84
1 85
1 87
1 88
1 89
1 90
1 91
1 92
1 93
1 94
1 95
1 96
1 99
1 100
1 103
1 104
1 105
1 108
1 109
1 110
1 111
1 121
1 125
1 126
1 127
1 133
1 134
1 139
1 140
1 141
1 143
1 144
1 148
1 149
1 150
1 153
1 154
1 155
1 156
1 157
1 158
1 159
1 161
1 163
1 164
1 168
1 169
1 171
1 175
1 177
1 180
1 181
1 183
1 184
1 185
1 187
1 190
1 191
1 192
1 194
1 195
1 196
1 197
1 199
1 200
2 5
2 6
2 7
2 8
2 10
2 11
2 12
2 14
2 15
2 16
2 17
2 22
2 25
2 26
2 28
2 30
2 33
2 34
2 36
2 40
2 41
2 43
2 44
2 48
2 49
2 50
2 54
2 55
2 57
2 59
2 60
2 64
2 65
2 66
2 70
2 72
2 73
2 74
2 77
2 78
2 85
2 86
2 89
2 91
2 94
2 95
2 104
2 107
2 108
2 109
2 110
2 112
2 113
2 114
2 115
2 117
2 123
2 124
2 132
2 135
2 137
2 138
2 139
2 141
2 142
2 143
2 144
2 145
2 146
2 147
2 149
2 150
2 152
2 154
2 155
2 156
2 158
2 162
2 163
2 166
2 170
2 176
2 178
2 181
2 182
2 183
2 184
2 187
2 188
2 190
2 191
2 193
2 198
2 199
2 200
3 4
3 5
3 6
3 7
3 8
3 9
3 13
3 15
3 17
3 18
3 19
3 24
3 26
3 28
3 35
3 42
3 44
3 45
3 46
3 48
3 54
3 56
3 57
3 58
3 60
3 64
3 67
3 68
3 73
3 75
3 77
3 78
3 80
3 85
3 86
3 87
3 92
3 94
3 96
3 98
3 103
3 104
3 106
3 108
3 110
3 112
3 113
3 115
3 116
3 118
3 121
3 122
3 123
3 124
3 125
3 127
3 129
3 132
3 134
3 136
3 138
3 139
3 143
3 145
3 146
3 147
3 148
3 149
3 150
3 152
3 153
3 154
3 155
3 158
3 166
3 169
3 178
3 184
3 185
3 191
3 193
3 198
4 5
4 7
4 8
4 12
4 14
4 16
4 22
4 24
4 26
4 27
4 28
4 29
4 32
4 33
4 34
4 35
4 36
4 37
4 38
4 39
4 40
4 41
4 43
4 46
4 48
4 49
4 50
4 52
4 55
4 58
4 59
4 60
4 65
4 67
4 70
4 71
4 74
4 77
4 78
4 79
4 80
4 81
4 85
4 87
4 88
4 89
4 92
4 93
4 94
4 96
4 97
4 98
4 99
4 101
4 102
4 104
4 105
4 107
4 108
4 110
4 113
4 114
4 115
4 116
4 117
4 118
4 121
4 122
4 123
4 125
4 129
4 130
4 133
4 136
4 140
4 141
4 142
4 143
4 144
4 145
4 146
4 147
4 150
4 151
4 156
4 158
4 159
4 161
4 164
4 166
4 167
4 168
4 170
4 174
4 175
4 178
4 179
4 180
4 182
4 183
4 185
4 186
4 187
4 189
4 190
4 191
4 195
4 197
4 198
4 199
5 6
5 8
5 11
5 14
5 17
5 21
5 23
5 24
5 25
5 29
5 32
5 33
5 34
5 36
5 37
5 39
5 40
5 42
5 43
5 45
5 47
5 48
5 49
5 50
5 51
5 52
5 57
5 58
5 60
5 61
5 63
5 65
5 66
5 68
5 70
5 73
5 74
5 77
5 78
5 80
5 81
5 83
5 84
5 86
5 90
5 92
5 93
5 94
5 98
5 100
5 101
5 103
5 104
5 106
5 107
5 109
5 110
5 112
5 113
5 118
5 126
5 130
5 132
5 134
5 136
5 137
5 141
5 142
5 144
5 145
5 146
5 147
5 148
5 149
5 150
5 151
5 153
5 154
5 160
5 163
5 164
5 165
5 166
5 171
5 172
5 173
5 175
5 176
5 177
5 179
5 183
5 185
5 186
5 187
5 188
5 189
5 190
5 196
5 198
5 200
6 8
6 12
6 13
6 16
6 17
6 18
6 19
6 20
6 21
6 23
6 26
6 27
6 32
6 35
6 36
6 37
6 38
6 39
6 43
6 44
6 45
6 46
6 48
6 50
6 52
6 53
6 54
6 55
6 59
6 60
6 62
6 65
6 66
6 67
6 70
6 74
6 78
6 81
6 83
6 84
6 85
6 86
6 87
6 90
6 92
6 94
6 95
6 96
6 97
6 99
6 101
6 102
6 103
6 104
6 105
6 106
6 109
6 111
6 113
6 117
6 119
6 122
6 123
6 126
6 129
6 131
6 132
6 133
6 134
6 135
6 137
6 138
6 144
6 145
6 146
6 147
6 150
6 151
6 154
6 155
6 156
6 158
6 160
6 162
6 163
6 167
6 170
6 171
6 172
6 174
6 175
6 178
6 181
6 183
6 184
6 187
6 188
6 189
6 190
6 191
6 195
6 197
6 198
7 10
7 11
7 14
7 15
7 16
7 18
7 19
7 23
7 25
7 29
7 30
7 33
7 35
7 36
7 37
7 38
7 39
7 41
7 42
7 47
7 52
7 55
7 58
7 59
7 60
7 62
7 63
7 64
7 69
7 70
7 71
7 73
7 78
7 82
7 84
7 85
7 89
7 90
7 91
7 93
7 94
7 95
7 97
7 98
7 101
7 102
7 103
7 104
7 106
7 109
7 111
7 115
7 116
7 117
7 119
7 120
7 124
7 125
7 127
7 128
7 129
7 131
7 132
7 133
7 136
7 139
7 142
7 143
7 144
7 146
7 147
7 149
7 154
7 155
7 156
7 158
7 159
7 161
7 163
7 166
7 167
7 168
7 169
7 170
7 171
7 176
7 178
7 179
7 180
7 182
7 183
7 184
7 185
7 187
7 188
7 192
7 195
7 197
8 9
8 10
8 12
8 14
8 15
8 16
8 18
8 19
8 20
8 21
8 22
8 24
8 26
8 28
8 29
8 30
8 31
8 34
8 37
8 39
8 41
8 42
8 45
8 46
8 48
8 50
8 51
8 54
8 55
8 56
8 60
8 63
8 68
8 69
8 72
8 76
8 77
8 78
8 79
8 82
8 83
8 85
8 86
8 89
8 95
8 96
8 98
8 102
8 103
8 105
8 107
8 108
8 109
8 112
8 114
8 118
8 119
8 120
8 121
8 122
8 123
8 127
8 131
8 135
8 137
8 138
8 139
8 140
8 142
8 143
8 144
8 145
8 146
8 147
8 148
8 149
8 151
8 152
8 154
8 155
8 157
8 158
8 161
8 164
8 166
8 167
8 169
8 171
8 172
8 176
8 178
8 181
8 182
8 184
8 185
8 186
8 187
8 190
8 191
8 193
8 195
8 196
8 198
8 199
9 10
9 11
9 14
9 16
9 17
9 18
9 19
9 20
9 21
9 25
9 27
9 29
9 30
9 31
9 33
9 36
9 39
9 40
9 43
9 47
9 49
9 51
9 52
9 53
9 54
9 56
9 57
9 58
9 59
9 60
9 61
9 66
9 67
9 68
9 69
9 72
9 74
9 82
9 83
9 85
9 86
9 87
9 88
9 89
9 91
9 94
9 96
9 97
9 98
9 101
9 105
9 107
9 108
9 109
9 110
9 114
9 116
9 120
9 122
9 125
9 128
9 134
9 136
9 137
9 138
9 139
9 140
9 142
9 145
9 151
9 152
9 153
9 154
9 157
9 159
9 161
9 162
9 163
9 166
9 168
9 170
9 172
9 174
9 175
9 176
9 177
9 178
9 181
9 182
9 185
9 186
9 187
9 190
9 195
9 197
9 198
9 199
9 200
10 12
10 13
10 14
10 18
10 19
10 20
10 22
10 23
10 24
10 25
10 27
10 32
10 34
10 35
10 36
10 38
10 39
10 45
10 46
10 47
10 50
10 55
10 56
10 59
10 62
10 66
10 72
10 74
10 76
10 77
10 79
10 81
10 84
10 85
10 86
10 89
10 91
10 94
10 95
10 100
10 101
10 102
10 104
10 107
10 108
10 109
10 110
10 114
10 116
10 118
10 119
10 123
10 126
10 127
10 129
10 131
10 132
10 134
10 138
10 140
10 142
10 143
10 144
10 146
10 147
10 148
10 149
10 150
10 151
10 153
10 154
10 155
10 157
10 159
10 160
10 161
10 169
10 170
10 171
10 172
10 174
10 175
10 176
10 178
10 182
10 186
10 189
10 191
10 193
10 194
10 198
10 200
11 14
11 15
11 19
11 25
11 29
11 30
11 32
11 33
11 35
11 38
11 39
11 42
11 44
11 45
11 46
11 47
11 49
11 50
11 51
11 53
11 55
11 56
11 58
11 59
11 62
11 63
11 65
11 70
11 71
11 74
11 77
11 79
11 82
11 85
11 87
11 88
11 90
11 98
11 101
11 102
11 103
11 104
11 105
11 106
11 108
11 109
11 110
11 111
11 114
11 115
11 117
11 118
11 119
11 121
11 125
11 126
11 129
11 130
11 131
11 136
11 140
11 141
11 142
11 143
11 146
11 147
11 148
11 149
11 150
11 151
11 153
11 154
11 155
11 156
11 157
11 158
11 159
11 160
11 162
11 167
11 168
11 170
11 172
11 174
11 175
11 176
11 177
11 180
11 183
11 185
11 186
11 187
11 189
11 192
11 193
11 196
11 197
11 199
12 14
12 18
12 20
12 21
12 23
12 29
12 33
12 35
12 38
12 39
12 40
12 42
12 43
12 45
12 48
12 51
12 52
12 54
12 55
12 56
12 58
12 59
12 61
12 62
12 65
12 66
12 68
12 70
12 73
12 74
12 75
12 76
12 77
12 79
12 80
12 82
12 83
12 84
12 85
12 87
12 88
12 90
12 91
12 95
12 96
12 108
12 112
12 115
12 117
12 119
12 120
12 124
12 125
12 127
12 131
12 137
12 138
12 139
12 141
12 142
12 143
12 144
12 146
12 148
12 149
12 152
12 153
12 154
12 155
12 156
12 158
12 160
12 161
12 163
12 165
12 166
12 167
12 168
12 170
12 172
12 173
12 180
12 181
12 182
12 184
12 185
12 188
12 189
12 190
12 192
12 194
12 197
12 199
12 200
13 16
13 19
13 20
13 23
13 24
13 25
13 26
13 29
13 30
13 33
13 34
13 35
13 39
13 41
13 43
13 44
13 47
13 48
13 50
13 54
13 56
13 58
13 61
13 62
13 63
13 64
13 66
13 68
13 69
13 73
13 76
13 77
13 79
13 80
13 81
13 84
13 89
13 90
13 91
13 92
13 98
13 102
13 104
13 107
13 109
13 110
13 111
13 113
13 116
13 117
13 118
13 119
13 126
13 127
13 131
13 132
13 134
13 136
13 138
13 141
13 142
13 144
13 145
13 147
13 148
13 149
13 152
13 153
13 155
13 156
13 162
13 163
13 164
13 165
13 167
13 171
13 172
13 175
13 176
13 177
13 179
13 180
13 184
13 192
13 197
13 198
13 199
13 200
14 15
14 16
14 17
14 18
14 21
14 22
14 23
14 24
14 27
14 29
14 32
14 37
14 38
14 44
14 45
14 47
14 48
14 50
14 55
14 56
14 57
14 58
14 59
14 60
14 62
14 64
14 69
14 73
14 75
14 77
14 78
14 79
14 82
14 85
14 86
14 87
14 88
14 92
14 93
14 94
14 96
14 98
14 99
14 102
14 103
14 104
14 106
14 107
14 109
14 111
14 115
14 116
14 117
14 118
14 119
14 120
14 123
14 124
14 125
14 126
14 130
14 133
14 134
14 136
14 137
14 138
14 145
14 148
14 149
14 152
14 154
14 158
14 161
14 164
14 166
14 171
14 172
14 174
14 180
14 181
14 182
14 183
14 184
14 185
14 187
14 189
14 191
14 193
14 194
14 195
14 196
14 198
14 199
14 200
15 16
15 17
15 18
15 19
15 22
15 25
15 26
15 27
15 28
15 30
15 31
15 35
15 36
15 37
15 39
15 40
15 42
15 43
15 44
15 45
15 46
15 51
15 52
15 53
15 54
15 55
15 56
15 61
15 62
15 65
15 67
15 68
15 69
15 71
15 72
15 73
15 74
15 75
15 76
15 80
15 81
15 82
15 85
15 86
15 87
15 93
15 95
15 96
15 97
15 99
15 101
15 103
15 104
15 107
15 108
15 109
15 111
15 114
15 115
15 116
15 117
15 118
15 119
15 120
15 121
15 123
15 126
15 129
15 130
15 135
15 139
15 140
15 141
15 142
15 144
15 146
15 148
15 149
15 150
15 154
15 155
15 157
15 158
15 159
15 161
15 162
15 165
15 166
15 167
15 171
15 172
15 173
15 175
15 176
15 179
15 180
15 181
15 183
15 184
15 185
15 189
15 194
15 196
16 17
16 18
16 20
16 22
16 23
16 26
16 27
16 37
16 42
16 43
16 44
16 45
16 48
16 50
16 51
16 54
16 57
16 58
16 61
16 64
16 65
16 66
16 68
16 69
16 72
16 77
16 82
16 83
16 86
16 87
16 91
16 93
16 94
16 95
16 98
16 102
16 104
16 107
16 108
16 110
16 112
16 121
16 123
16 124
16 125
16 128
16 130
16 131
16 134
16 136
16 139
16 143
16 144
16 145
16 146
16 147
16 151
16 152
16 153
16 154
16 155
16 156
16 157
16 158
16 159
16 160
16 161
16 162
16 163
16 164
16 166
16 169
16 171
16 172
16 174
16 180
16 181
16 184
16 187
16 188
16 193
16 194
16 197
16 198
16 199
16 200
17 18
17 21
17 23
17 24
17 25
17 26
17 27
17 28
17 29
17 30
17 33
17 34
17 35
17 38
17 40
17 43
17 45
17 46
17 47
17 54
17 55
17 56
17 57
17 62
17 63
17 64
17 66
17 67
17 72
17 74
17 76
17 81
17 84
17 85
17 86
17 89
17 92
17 94
17 98
17 101
17 102
17 105
17 111
17 112
17 113
17 117
17 119
17 120
17 122
17 123
17 125
17 128
17 130
17 131
17 134
17 135
17 136
17 140
17 143
17 145
17 146
17 148
17 149
17 151
17 152
17 154
17 155
17 157
17 158
17 166
17 171
17 172
17 173
17 175
17 176
17 177
17 178
17 179
17 181
17 183
17 185
17 187
17 188
17 189
17 190
17 191
17 193
17 194
17 197
17 198
18 21
18 25
18 27
18 29
18 32
18 33
18 36
18 38
18 39
18 41
18 44
18 50
18 54
18 55
18 56
18 57
18 58
18 59
18 62
18 63
18 76
18 80
18 81
18 82
18 83
18 84
18 85
18 89
18 90
18 93
18 96
18 98
18 99
18 101
18 102
18 103
18 105
18 107
18 110
18 111
18 114
18 115
18 117
18 118
18 121
18 122
18 125
18 127
18 128
18 129
18 131
18 134
18 136
18 138
18 139
18 140
18 142
18 144
18 145
18 146
18 147
18 152
18 155
18 157
18 158
18 161
18 166
18 169
18 171
18 172
18 173
18 176
18 178
18 180
18 183
18 184
18 186
18 188
18 189
18 192
18 193
18 194
18 196
18 197
18 199
19 21
19 24
19 26
19 27
19 28
19 29
19 33
19 34
19 35
19 40
19 43
19 44
19 45
19 46
19 48
19 49
19 54
19 56
19 57
19 59
19 60
19 61
19 62
19 66
19 69
19 70
19 73
19 76
19 77
19 79
19 80
19 83
19 86
19 87
19 88
19 89
19 90
19 92
19 94
19 96
19 97
19 98
19 100
19 107
19 108
19 109
19 113
19 114
19 116
19 119
19 120
19 121
19 122
19 128
19 129
19 130
19 132
19 134
19 136
19 137
19 138
19 139
19 146
19 147
19 149
19 151
19 152
19 156
19 159
19 163
19 165
19 166
19 169
19 170
19 174
19 175
19 176
19 179
19 183
19 186
19 191
19 199
19 200
20 25
20 27
20 30
20 34
20 35
20 37
20 39
20 42
20 45
20 51
20 52
20 53
20 56
20 57
20 60
20 61
20 66
20 67
20 70
20 72
20 73
20 74
20 78
20 79
20 81
20 84
20 88
20 89
20 93
20 94
20 95
20 98
20 99
20 101
20 103
20 104
20 105
20 106
20 108
20 109
20 110
20 112
20 114
20 115
20 117
20 118
20 123
20 128
20 129
20 130
20 133
20 136
20 137
20 138
20 139
20 140
20 144
20 147
20 149
20 152
20 153
20 157
20 160
20 161
20 162
20 165
20 166
20 167
20 169
20 170
20 171
20 172
20 174
20 175
20 176
20 178
20 180
20 181
20 182
20 183
20 184
20 185
20 186
20 189
20 190
20 191
20 194
20 195
20 197
20 200
21 23
21 30
21 33
21 35
21 37
21 41
21 43
21 44
21 46
21 48
21 50
21 52
21 53
21 54
21 56
21 58
21 59
21 61
21 65
21 66
21 67
21 69
21 70
21 71
21 74
21 78
21 81
21 82
21 84
21 85
21 86
21 89
21 92
21 93
21 95
21 96
21 97
21 105
21 106
21 108
21 109
21 110
21 112
21 115
21 116
21 118
21 120
21 121
21 123
21 127
21 128
21 134
21 135
21 137
21 138
21 141
21 144
21 150
21 151
21 153
21 156
21 157
21 159
21 161
21 163
21 166
21 168
21 169
21 170
21 171
21 172
21 173
21 176
21 177
21 178
21 180
21 183
21 184
21 188
21 189
21 190
21 192
21 193
21 195
21 196
21 197
21 199
21 200
22 23
22 27
22 29
22 33
22 37
22 38
22 39
22 41
22 42
22 43
22 44
22 50
22 51
22 53
22 55
22 56
22 57
22 58
22 59
22 61
22 64
22 69
22 70
22 71
22 72
22 73
22 74
22 76
22 78
22 83
22 84
22 85
22 86
22 87
22 89
22 90
22 91
22 92
22 93
22 95
22 100
22 102
22 103
22 104
22 105
22 108
22 109
22 110
22 112
22 113
22 116
22 117
22 122
22 123
22 124
22 126
22 128
22 129
22 130
22 131
22 134
22 135
22 136
22 142
22 143
22 144
22 147
22 149
22 152
22 155
22 156
22 161
22 163
22 164
22 169
22 170
22 171
22 172
22 174
22 175
22 176
22 177
22 179
22 182
22 185
22 188
22 191
22 192
22 195
22 196
23 24
23 25
23 27
23 28
23 30
23 33
23 34
23 36
23 38
23 39
23 40
23 45
23 46
23 48
23 49
23 55
23 56
23 57
23 58
23 60
23 63
23 64
23 67
23 69
23 70
23 71
23 73
23 74
23 75
23 79
23 80
23 82
23 85
23 88
23 89
23 90
23 93
23 96
23 97
23 99
23 100
23 101
23 106
23 107
23 108
23 109
23 111
23 113
23 116
23 117
23 118
23 119
23 120
23 121
23 122
23 123
23 124
23 126
23 128
23 130
23 132
23 133
23 135
23 138
23 142
23 143
23 145
23 152
23 153
23 154
23 161
23 162
23 163
23 167
23 168
23 169
23 170
23 171
23 172
23 173
23 175
23 176
23 178
23 179
23 181
23 185
23 186
23 190
23 191
23 192
23 194
23 197
23 199
24 28
24 29
24 30
24 32
24 33
24 36
24 37
24 40
24 43
24 45
24 50
24 52
24 55
24 56
24 57
24 58
24 59
24 60
24 64
24 66
24 69
24 71
24 74
24 76
24 79
24 80
24 83
24 85
24 88
24 89
24 90
24 91
24 92
24 93
24 95
24 97
24 98
24 99
24 100
24 101
24 102
24 104
24 105
24 106
24 107
24 108
24 110
24 112
24 113
24 114
24 123
24 125
24 126
24 127
24 128
24 129
24 134
24 136
24 137
24 138
24 139
24 142
24 143
24 145
24 147
24 148
24 149
24 150
24 154
24 157
24 158
24 159
24 160
24 161
24 162
24 165
24 168
24 171
24 172
24 174
24 176
24 178
24 179
24 180
24 181
24 184
24 186
24 187
24 189
24 190
24 191
24 192
24 195
24 199
24 200
25 26
25 28
25 29
25 31
25 32
25 33
25 35
25 36
25 38
25 42
25 47
25 49
25 50
25 54
25 56
25 57
25 58
25 60
25 62
25 63
25 64
25 68
25 71
25 74
25 75
25 77
25 78
25 80
25 84
25 85
25 86
25 87
25 88
25 90
25 91
25 92
25 95
25 97
25 98
25 102
25 103
25 104
25 106
25 107
25 108
25 111
25 114
25 117
25 118
25 120
25 121
25 122
25 126
25 127
25 129
25 130
25 131
25 132
25 133
25 134
25 135
25 136
25 138
25 140
25 143
25 145
25 147
25 148
25 151
25 152
25 155
25 159
25 163
25 165
25 166
25 169
25 170
25 171
25 174
25 176
25 177
25 181
25 183
25 189
25 194
25 196
25 198
25 199
26 27
26 28
26 31
26 34
26 38
26 39
26 43
26 47
26 49
26 54
26 55
26 57
26 59
26 62
26 63
26 65
26 67
26 69
26 73
26 74
26 75
26 76
26 78
26 80
26 81
26 82
26 84
26 86
26 87
26 88
26 89
26 90
26 92
26 93
26 96
26 97
26 98
26 99
26 100
26 102
26 103
26 104
26 107
26 111
26 112
26 114
26 115
26 116
26 117
26 119
26 120
26 122
26 123
26 124
26 125
26 129
26 133
26 134
26 135
26 137
26 138
26 139
26 140
26 141
26 143
26 144
26 145
26 147
26 150
26 152
26 153
26 154
26 155
26 156
26 158
26 160
26 161
26 165
26 166
26 167
26 168
26 170
26 173
26 174
26 178
26 179
26 184
26 185
26 186
26 187
26 189
26 190
26 191
26 192
26 193
26 195
26 196
26 197
27 30
27 32
27 33
27 34
27 36
27 38
27 40
27 41
27 43
27 44
27 45
27 47
27 48
27 50
27 52
27 54
27 57
27 59
27 64
27 65
27 66
27 68
27 69
27 71
27 74
27 75
27 76
27 81
27 83
27 84
27 86
27 87
27 88
27 92
27 93
27 96
27 97
27 102
27 103
27 105
27 106
27 107
27 112
27 114
27 115
27 118
27 119
27 123
27 126
27 127
27 131
27 132
27 136
27 137
27 138
27 139
27 140
27 143
27 145
27 151
27 152
27 153
27 155
27 158
27 161
27 162
27 164
27 166
27 167
27 171
27 172
27 173
27 174
27 175
27 183
27 184
27 186
27 187
27 189
27 192
27 194
27 196
27 197
28 33
28 34
28 35
28 36
28 37
28 38
28 39
28 40
28 44
28 47
28 50
28 53
28 55
28 58
28 64
28 72
28 73
28 74
28 75
28 78
28 79
28 80
28 81
28 83
28 84
28 85
28 90
28 91
28 92
28 93
28 95
28 96
28 98
28 100
28 101
28 103
28 105
28 106
28 108
28 112
28 113
28 114
28 116
28 117
28 118
28 119
28 121
28 122
28 125
28 129
28 130
28 132
28 135
28 137
28 140
28 141
28 144
28 147
28 150
28 151
28 152
28 154
28 155
28 158
28 165
28 166
28 167
28 171
28 172
28 174
28 175
28 176
28 179
28 180
28 181
28 183
28 184
28 185
28 187
28 188
28 189
28 190
28 191
28 194
28 195
28 196
28 198
28 199
28 200
29 30
29 32
29 37
29 38
29 40
29 44
29 45
29 49
29 50
29 51
29 52
29 54
29 55
29 57
29 58
29 59
29 60
29 63
29 64
29 66
29 76
29 78
29 79
29 87
29 88
29 91
29 93
29 94
29 99
29 101
29 102
29 104
29 107
29 109
29 110
29 112
29 114
29 117
29 122
29 123
29 126
29 127
29 130
29 132
29 133
29 134
29 135
29 137
29 140
29 142
29 144
29 145
29 147
29 151
29 153
29 156
29 161
29 162
29 164
29 165
29 166
29 170
29 172
29 175
29 177
29 178
29 179
29 181
29 182
29 183
29 187
29 191
29 195
29 196
29 197
29 198
30 33
30 34
30 35
30 36
30 39
30 40
30 42
30 43
30 46
30 47
30 48
30 49
30 51
30 52
30 54
30 56
30 60
30 63
30 65
30 67
30 68
30 69
30 70
30 71
30 74
30 75
30 80
30 85
30 86
30 91
30 94
30 95
30 96
30 98
30 100
30 102
30 106
30 108
30 110
30 111
30 112
30 115
30 118
30 121
30 124
30 125
30 126
30 127
30 130
30 131
30 132
30 133
30 135
30 136
30 138
30 142
30 143
30 144
30 147
30 149
30 151
30 153
30 154
30 156
30 157
30 158
30 164
30 166
30 169
30 171
30 173
30 174
30 176
30 177
30 179
30 180
30 183
30 184
30 187
30 188
30 191
30 192
30 193
30 194
30 196
30 198
31 36
31 39
31 43
31 47
31 48
31 50
31 53
31 54
31 57
31 58
31 59
31 62
31 63
31 64
31 67
31 69
31 70
31 72
31 73
31 76
31 77
31 78
31 80
31 81
31 82
31 83
31 84
31 86
31 87
31 88
31 90
31 91
31 93
31 94
31 96
31 97
31 100
31 102
31 103
31 104
31 105
31 106
31 107
31 109
31 112
31 113
31 114
31 115
31 118
31 119
31 123
31 126
31 128
31 129
31 131
31 132
31 134
31 136
31 137
31 140
31 143
31 145
31 147
31 148
31 149
31 150
31 152
31 153
31 154
31 155
31 157
31 158
31 160
31 161
31 162
31 163
31 166
31 167
31 168
31 169
31 171
31 172
31 173
31 177
31 178
31 180
31 181
31 184
31 188
31 192
31 193
31 199
32 34
32 35
32 36
32 37
32 40
32 41
32 45
32 51
32 53
32 54
32 56
32 58
32 59
32 61
32 66
32 69
32 73
32 76
32 79
32 81
32 84
32 85
32 90
32 91
32 92
32 97
32 100
32 101
32 102
32 103
32 105
32 108
32 111
32 112
32 116
32 117
32 122
32 126
32 127
32 128
32 130
32 139
32 142
32 144
32 147
32 148
32 150
32 151
32 152
32 154
32 156
32 157
32 158
32 160
32 162
32 163
32 165
32 166
32 169
32 172
32 173
32 176
32 177
32 179
32 181
32 183
32 184
32 186
32 188
32 189
32 190
32 191
32 195
32 196
32 197
32 200
33 40
33 41
33 42
33 44
33 46
33 49
33 50
33 51
33 52
33 55
33 56
33 57
33 60
33 61
33 63
33 64
33 65
33 69
33 70
33 72
33 74
33 75
33 77
33 81
33 82
33 84
33 85
33 86
33 88
33 90
33 91
33 92
33 93
33 94
33 95
33 96
33 97
33 98
33 99
33 100
33 101
33 102
33 104
33 109
33 110
33 111
33 114
33 116
33 117
33 120
33 121
33 122
33 123
33 124
33 126
33 127
33 129
33 130
33 132
33 136
33 139
33 140
33 141
33 143
33 144
33 147
33 149
33 152
33 153
33 154
33 156
33 157
33 163
33 164
33 165
33 167
33 169
33 171
33 173
33 174
33 176
33 177
33 180
33 181
33 182
33 184
33 185
33 187
33 188
33 190
33 192
33 193
33 195
33 196
33 197
33 199
33 200
34 35
34 36
34 37
34 38
34 39
34 40
34 42
34 45
34 46
34 47
34 52
34 53
34 54
34 56
34 61
34 62
34 63
34 67
34 68
34 69
34 70
34 71
34 73
34 74
34 76
34 82
34 86
34 88
34 90
34 92
34 93
34 94
34 95
34 97
34 99
34 100
34 102
34 103
34 104
34 105
34 106
34 109
34 110
34 111
34 112
34 113
34 114
34 116
34 118
34 119
34 121
34 123
34 128
34 131
34 134
34 136
34 137
34 138
34 140
34 141
34 142
34 146
34 148
34 151
34 152
34 153
34 154
34 157
34 160
34 161
34 162
34 163
34 165
34 166
34 168
34 169
34 170
34 171
34 173
34 174
34 179
34 181
34 182
34 184
34 188
34 190
34 191
34 193
34 194
34 196
34 198
34 199
34 200
35 36
35 37
35 38
35 39
35 41
35 44
35 51
35 54
35 55
35 58
35 59
35 60
35 62
35 64
35 65
35 67
35 73
35 78
35 79
35 80
35 81
35 82
35 84
35 87
35 89
35 90
35 93
35 94
35 96
35 97
35 98
35 99
35 100
35 103
35 104
35 106
35 107
35 108
35 109
35 110
35 112
35 113
35 115
35 116
35 117
35 119
35 120
35 121
35 124
35 128
35 130
35 133
35 134
35 135
35 136
35 140
35 141
35 142
35 144
35 146
35 149
35 150
35 151
35 152
35 154
35 156
35 159
35 161
35 162
35 164
35 166
35 167
35 171
35 172
35 176
35 179
35 181
35 182
35 183
35 184
35 186
35 191
35 192
35 193
35 194
35 197
35 198
36 37
36 41
36 42
36 54
36 57
36 58
36 60
36 63
36 65
36 67
36 68
36 69
36 71
36 76
36 79
36 82
36 83
36 89
36 90
36 91
36 93
36 97
36 100
36 103
36 105
36 106
36 107
36 108
36 111
36 112
36 114
36 116
36 117
36 125
36 128
36 133
36 134
36 138
36 139
36 141
36 142
36 143
36 145
36 147
36 149
36 150
36 152
36 159
36 160
36 162
36 163
36 164
36 165
36 167
36 169
36 170
36 174
36 175
36 177
36 180
36 182
36 183
36 185
36 189
37 39
37 43
37 44
37 46
37 49
37 50
37 51
37 52
37 53
37 55
37 58
37 59
37 60
37 64
37 65
37 66
37 68
37 69
37 70
37 72
37 73
37 74
37 75
37 77
37 79
37 84
37 85
37 86
37 87
37 88
37 89
37 90
37 93
37 95
37 96
37 97
37 101
37 102
37 104
37 106
37 107
37 108
37 110
37 114
37 115
37 116
37 117
37 118
37 120
37 121
37 122
37 124
37 125
37 129
37 131
37 132
37 133
37 137
37 139
37 140
37 142
37 144
37 145
37 148
37 149
37 150
37 151
37 153
37 154
37 156
37 159
37 160
37 161
37 162
37 166
37 167
37 168
37 169
37 171
37 172
37 174
37 176
37 177
37 180
37 184
37 185
37 186
37 190
37 193
37 196
37 199
37 200
38 40
38 41
38 44
38 45
38 50
38 52
38 54
38 57
38 63
38 64
38 65
38 66
38 67
38 68
38 69
38 70
38 71
38 73
38 74
38 75
38 78
38 80
38 81
38 83
38 86
38 87
38 88
38 89
38 90
38 91
38 93
38 98
38 101
38 102
38 109
38 111
38 113
38 114
38 116
38 118
38 123
38 125
38 126
38 127
38 129
38 130
38 134
38 135
38 137
38 139
38 140
38 141
38 144
38 145
38 148
38 149
38 150
38 151
38 154
38 155
38 156
38 158
38 159
38 162
38 163
38 166
38 167
38 168
38 170
38 171
38 173
38 174
38 175
38 176
38 177
38 179
38 180
38 182
38 183
38 185
38 188
38 189
38 190
38 191
38 192
38 198
38 199
38 200
39 41
39 43
39 46
39 47
39 49
39 51
39 55
39 57
39 58
39 60
39 62
39 67
39 69
39 70
39 74
39 75
39 77
39 78
39 82
39 85
39 86
39 88
39 89
39 91
39 98
39 102
39 104
39 105
39 112
39 113
39 115
39 120
39 121
39 123
39 128
39 129
39 132
39 133
39 136
39 137
39 138
39 139
39 144
39 145
39 146
39 152
39 154
39 156
39 157
39 158
39 159
39 160
39 164
39 167
39 168
39 169
39 171
39 175
39 176
39 178
39 179
39 180
39 181
39 182
39 186
39 189
39 190
39 191
39 196
39 197
40 42
40 46
40 49
40 52
40 60
40 62
40 63
40 70
40 73
40 74
40 75
40 76
40 79
40 81
40 84
40 86
40 96
40 103
40 104
40 105
40 109
40 111
40 112
40 113
40 118
40 119
40 123
40 125
40 126
40 127
40 131
40 132
40 133
40 134
40 135
40 136
40 139
40 140
40 144
40 146
40 149
40 150
40 154
40 155
40 156
40 158
40 160
40 162
40 163
40 165
40 166
40 167
40 170
40 173
40 177
40 179
40 181
40 182
40 183
40 184
40 185
40 186
40 187
40 190
40 191
40 192
40 194
40 197
40 198
40 199
40 200
41 45
41 46
41 48
41 50
41 52
41 53
41 54
41 55
41 57
41 59
41 60
41 61
41 65
41 66
41 68
41 70
41 72
41 74
41 75
41 76
41 77
41 78
41 79
41 82
41 84
41 85
41 86
41 88
41 92
41 93
41 96
41 98
41 99
41 101
41 103
41 104
41 105
41 107
41 108
41 109
41 111
41 113
41 114
41 120
41 121
41 122
41 124
41 125
41 126
41 127
41 129
41 132
41 133
41 134
41 135
41 136
41 138
41 140
41 141
41 143
41 144
41 145
41 148
41 149
41 153
41 155
41 158
41 159
41 161
41 162
41 164
41 165
41 168
41 169
41 170
41 171
41 172
41 175
41 177
41 178
41 179
41 181
41 183
41 186
41 191
41 194
42 43
42 47
42 48
42 49
42 50
42 51
42 52
42 53
42 54
42 57
42 59
42 61
42 62
42 66
42 67
42 68
42 69
42 71
42 79
42 85
42 86
42 89
42 95
42 96
42 100
42 102
42 104
42 105
42 106
42 107
42 109
42 113
42 116
42 118
42 120
42 122
42 124
42 126
42 127
42 128
42 129
42 130
42 132
42 133
42 135
42 136
42 137
42 138
42 139
42 140
42 144
42 145
42 146
42 147
42 148
42 150
42 152
42 153
42 154
42 155
42 158
42 161
42 163
42 164
42 168
42 170
42 173
42 178
42 181
42 182
42 183
42 185
42 186
42 187
42 188
42 189
42 190
42 191
42 192
42 194
42 195
42 197
42 198
42 199
42 200
43 44
43 45
43 46
43 47
43 48
43 49
43 50
43 51
43 52
43 53
43 55
43 56
43 57
43 58
43 61
43 62
43 64
43 65
43 67
43 69
43 72
43 73
43 74
43 78
43 79
43 80
43 81
43 83
43 86
43 91
43 92
43 94
43 96
43 97
43 100
43 102
43 107
43 109
43 111
43 113
43 115
43 116
43 117
43 120
43 124
43 125
43 128
43 130
43 132
43 133
43 134
43 137
43 138
43 139
43 142
43 143
43 145
43 148
43 149
43 151
43 155
43 157
43 160
43 164
43 166
43 167
43 170
43 171
43 175
43 176
43 177
43 180
43 181
43 183
43 184
43 185
43 187
43 188
43 190
43 191
43 192
43 193
43 197
43 200
44 46
44 49
44 52
44 54
44 55
44 56
44 59
44 61
44 62
44 64
44 66
44 68
44 71
44 75
44 77
44 78
44 79
44 80
44 81
44 84
44 86
44 89
44 94
44 97
44 100
44 104
44 105
44 106
44 107
44 112
44 113
44 115
44 121
44 123
44 124
44 126
44 129
44 131
44 132
44 133
44 136
44 141
44 143
44 144
44 146
44 153
44 157
44 158
44 160
44 161
44 163
44 165
44 166
44 167
44 170
44 171
44 173
44 176
44 177
44 178
44 180
44 181
44 182
44 187
44 190
44 191
44 194
44 196
44 198
45 46
45 48
45 49
45 50
45 57
45 59
45 60
45 61
45 63
45 64
45 68
45 70
45 71
45 73
45 75
45 76
45 79
45 80
45 82
45 84
45 85
45 86
45 88
45 89
45 90
45 91
45 92
45 95
45 96
45 98
45 100
45 102
45 106
45 109
45 111
45 113
45 114
45 115
45 116
45 117
45 118
45 119
45 120
45 122
45 124
45 125
45 126
45 128
45 129
45 131
45 132
45 133
45 135
45 141
45 142
45 144
45 148
45 150
45 154
45 156
45 161
45 164
45 166
45 173
45 174
45 175
45 177
45 183
45 185
45 186
45 187
45 190
45 191
45 192
45 193
45 195
45 200
46 47
46 49
46 51
46 53
46 55
46 56
46 59
46 61
46 62
46 66
46 73
46 76
46 78
46 80
46 81
46 82
46 83
46 84
46 85
46 86
46 88
46 90
46 91
46 93
46 94
46 96
46 97
46 99
46 100
46 101
46 106
46 108
46 109
46 110
46 112
46 114
46 115
46 116
46 117
46 120
46 121
46 122
46 124
46 125
46 127
46 129
46 133
46 134
46 136
46 137
46 138
46 142
46 144
46 146
46 149
46 150
46 151
46 152
46 153
46 154
46 155
46 161
46 162
46 163
46 164
46 165
46 167
46 168
46 169
46 171
46 174
46 175
46 176
46 179
46 181
46 182
46 183
46 185
46 186
46 187
46 190
46 193
46 194
46 199
46 200
47 49
47 52
47 55
47 57
47 58
47 60
47 62
47 68
47 70
47 71
47 72
47 73
47 75
47 76
47 78
47 79
47 80
47 81
47 82
47 83
47 84
47 85
47 88
47 89
47 90
47 94
47 98
47 99
47 100
47 101
47 102
47 103
47 107
47 109
47 110
47 112
47 113
47 115
47 120
47 125
47 126
47 129
47 130
47 136
47 137
47 138
47 142
47 144
47 146
47 147
47 148
47 149
47 151
47 152
47 155
47 156
47 158
47 160
47 162
47 163
47 164
47 167
47 168
47 169
47 170
47 172
47 173
47 174
47 176
47 177
47 179
47 180
47 181
47 182
47 183
47 184
47 185
47 188
47 189
47 192
47 193
47 194
47 198
47 199
48 49
48 50
48 52
48 53
48 54
48 57
48 59
48 61
48 62
48 63
48 65
48 66
48 69
48 70
48 71
48 73
48 74
48 75
48 78
48 80
48 83
48 84
48 85
48 86
48 87
48 88
48 90
48 91
48 92
48 93
48 94
48 95
48 99
48 101
48 104
48 106
48 110
48 115
48 116
48 122
48 123
48 126
48 127
48 128
48 129
48 133
48 134
48 136
48 139
48 140
48 142
48 146
48 149
48 150
48 151
48 152
48 154
48 156
48 159
48 161
48 162
48 165
48 169
48 175
48 176
48 178
48 179
48 180
48 181
48 182
48 183
48 184
48 186
48 188
48 190
48 192
48 197
48 198
48 200
49 51
49 54
49 59
49 60
49 61
49 62
49 63
49 64
49 67
49 69
49 70
49 71
49 72
49 75
49 78
49 81
49 82
49 84
49 86
49 91
49 101
49 102
49 104
49 105
49 106
49 108
49 109
49 110
49 111
49 112
49 115
49 116
49 117
49 123
49 126
49 130
49 134
49 136
49 137
49 138
49 143
49 146
49 147
49 148
49 153
49 154
49 156
49 157
49 158
49 160
49 163
49 166
49 170
49 171
49 178
49 185
49 188
49 190
49 191
49 192
49 193
49 194
49 195
49 196
49 199
50 55
50 56
50 57
50 58
50 59
50 66
50 67
50 70
50 71
50 72
50 74
50 78
50 79
50 80
50 86
50 87
50 88
50 89
50 95
50 97
50 98
50 99
50 100
50 102
50 103
50 104
50 105
50 109
50 111
50 112
50 114
50 116
50 120
50 121
50 122
50 125
50 126
50 131
50 134
50 137
50 138
50 140
50 142
50 144
50 145
50 146
50 148
50 154
50 155
50 156
50 157
50 158
50 161
50 162
50 163
50 164
50 166
50 168
50 169
50 170
50 172
50 173
50 174
50 175
50 176
50 179
50 180
50 184
50 188
50 190
50 192
50 197
50 198
50 199
51 53
51 55
51 56
51 57
51 62
51 63
51 64
51 65
51 69
51 70
51 72
51 73
51 74
51 75
51 76
51 77
51 78
51 89
51 91
51 93
51 94
51 99
51 100
51 101
51 105
51 106
51 110
51 111
51 113
51 114
51 116
51 117
51 118
51 119
51 121
51 123
51 125
51 126
51 127
51 128
51 129
51 130
51 131
51 136
51 137
51 138
51 142
51 144
51 149
51 152
51 157
51 160
51 161
51 162
51 166
51 168
51 170
51 171
51 172
51 174
51 176
51 178
51 180
51 181
51 183
51 185
51 187
51 189
51 190
51 193
51 197
51 198
52 54
52 55
52 56
52 57
52 59
52 60
52 62
52 63
52 65
52 66
52 69
52 71
52 74
52 76
52 77
52 79
52 80
52 82
52 84
52 86
52 90
52 91
52 94
52 95
52 97
52 101
52 102
52 103
52 104
52 105
52 106
52 107
52 109
52 110
52 112
52 115
52 116
52 117
52 120
52 121
52 122
52 124
52 126
52 131
52 134
52 136
52 137
52 138
52 142
52 143
52 145
52 146
52 147
52 149
52 150
52 151
52 152
52 155
52 156
52 157
52 166
52 168
52 169
52 170
52 172
52 173
52 176
52 180
52 184
52 185
52 189
52 191
52 193
52 194
52 197
52 198
52 199
52 200
53 57
53 59
53 61
53 67
53 71
53 72
53 77
53 80
53 82
53 85
53 86
53 89
53 91
53 95
53 98
53 99
53 100
53 102
53 103
53 104
53 107
53 109
53 115
53 118
53 119
53 120
53 122
53 123
53 125
53 127
53 128
53 129
53 132
53 134
53 135
53 137
53 138
53 140
53 141
53 142
53 150
53 151
53 152
53 153
53 155
53 156
53 159
53 161
53 162
53 168
53 169
53 170
53 172
53 175
53 176
53 177
53 180
53 182
53 183
53 184
53 185
53 187
53 191
53 193
53 194
53 197
53 198
54 55
54 57
54 58
54 59
54 60
54 61
54 63
54 64
54 66
54 67
54 68
54 70
54 71
54 72
54 76
54 77
54 78
54 80
54 81
54 82
54 83
54 84
54 87
54 88
54 90
54 91
54 96
54 98
54 101
54 102
54 103
54 104
54 105
54 107
54 108
54 109
54 113
54 116
54 117
54 119
54 121
54 126
54 127
54 128
54 129
54 133
54 135
54 140
54 141
54 142
54 143
54 148
54 149
54 154
54 156
54 160
54 161
54 162
54 164
54 165
54 169
54 171
54 174
54 177
54 179
54 180
54 182
54 183
54 185
54 187
54 188
54 190
54 191
54 196
54 197
54 198
54 200
55 56
55 57
55 60
55 68
55 70
55 71
55 73
55 74
55 76
55 78
55 80
55 81
55 82
55 83
55 84
55 85
55 86
55 87
55 92
55 93
55 95
55 96
55 101
55 103
55 104
55 108
55 109
55 110
55 112
55 115
55 118
55 119
55 120
55 121
55 125
55 128
55 129
55 134
55 137
55 140
55 144
55 145
55 149
55 150
55 151
55 152
55 153
55 155
55 156
55 157
55 160
55 161
55 162
55 163
55 165
55 166
55 167
55 170
55 172
55 173
55 175
55 183
55 185
55 186
55 188
55 192
55 193
55 195
55 196
55 197
55 198
55 199
56 59
56 60
56 63
56 64
56 65
56 66
56 69
56 72
56 73
56 75
56 79
56 80
56 83
56 85
56 86
56 90
56 91
56 92
56 94
56 97
56 98
56 100
56 103
56 104
56 107
56 108
56 109
56 110
56 111
56 116
56 117
56 118
56 120
56 121
56 126
56 129
56 131
56 132
56 138
56 142
56 144
56 145
56 146
56 151
56 154
56 155
56 156
56 157
56 159
56 160
56 162
56 166
56 169
56 172
56 173
56 174
56 176
56 177
56 184
56 185
56 190
56 193
56 196
56 198
56 200
57 60
57 63
57 64
57 67
57 68
57 72
57 73
57 75
57 76
57 78
57 79
57 86
57 87
57 92
57 93
57 96
57 101
57 102
57 103
57 104
57 105
57 106
57 108
57 112
57 114
57 115
57 116
57 117
57 119
57 120
57 121
57 122
57 125
57 131
57 133
57 135
57 136
57 139
57 140
57 141
57 143
57 145
57 147
57 150
57 154
57 156
57 157
57 162
57 164
57 165
57 166
57 168
57 169
57 171
57 175
57 176
57 184
57 185
57 188
57 189
57 190
57 193
57 194
57 195
57 197
57 199
57 200
58 59
58 61
58 62
58 66
58 72
58 73
58 76
58 79
58 81
58 82
58 83
58 85
58 87
58 88
58 89
58 90
58 92
58 96
58 98
58 99
58 100
58 101
58 102
58 103
58 106
58 108
58 112
58 114
58 117
58 119
58 124
58 125
58 127
58 129
58 130
58 131
58 140
58 142
58 143
58 144
58 146
58 148
58 150
58 151
58 152
58 153
58 154
58 162
58 164
58 169
58 170
58 171
58 176
58 178
58 181
58 182
58 183
58 184
58 188
58 189
58 191
58 197
58 200
59 60
59 61
59 62
59 63
59 65
59 66
59 69
59 70
59 71
59 75
59 78
59 79
59 80
59 81
59 85
59 86
59 88
59 91
59 93
59 94
59 95
59 96
59 98
59 101
59 102
59 106
59 110
59 111
59 114
59 116
59 118
59 122
59 123
59 124
59 125
59 127
59 128
59 129
59 130
59 131
59 133
59 134
59 136
59 140
59 141
59 142
59 144
59 145
59 146
59 147
59 148
59 150
59 151
59 152
59 154
59 155
59 156
59 159
59 160
59 162
59 165
59 167
59 169
59 173
59 174
59 175
59 176
59 181
59 182
59 183
59 184
59 185
59 187
59 189
59 190
59 191
59 194
60 61
60 62
60 63
60 64
60 66
60 67
60 69
60 72
60 74
60 77
60 78
60 79
60 83
60 84
60 85
60 86
60 92
60 94
60 95
60 96
60 101
60 102
60 104
60 106
60 110
60 112
60 117
60 119
60 121
60 122
60 126
60 128
60 131
60 133
60 135
60 136
60 138
60 140
60 141
60 144
60 145
60 146
60 147
60 149
60 150
60 152
60 153
60 154
60 155
60 156
60 157
60 158
60 163
60 164
60 165
60 166
60 167
60 168
60 170
60 171
60 172
60 173
60 175
60 177
60 178
60 182
60 189
60 191
60 194
60 195
60 197
60 198
60 199
60 200
61 62
61 63
61 64
61 65
61 66
61 70
61 72
61 75
61 78
61 79
61 81
61 82
61 84
61 85
61 87
61 88
61 89
61 90
61 91
61 95
61 99
61 100
61 101
61 106
61 107
61 110
61 112
61 113
61 115
61 116
61 117
61 119
61 120
61 121
61 124
61 132
61 140
61 143
61 145
61 149
61 152
61 156
61 160
61 162
61 163
61 164
61 167
61 168
61 169
61 173
61 174
61 179
61 183
61 184
61 185
61 186
61 187
61 189
61 190
61 192
61 193
61 194
61 196
61 197
61 198
61 199
62 63
62 64
62 65
62 68
62 69
62 70
62 71
62 72
62 74
62 76
62 78
62 80
62 81
62 89
62 93
62 98
62 101
62 106
62 107
62 109
62 110
62 112
62 116
62 118
62 122
62 123
62 125
62 131
62 133
62 134
62 135
62 143
62 144
62 146
62 147
62 149
62 150
62 151
62 157
62 158
62 160
62 161
62 162
62 168
62 171
62 172
62 175
62 176
62 177
62 178
62 179
62 181
62 183
62 186
62 195
62 197
62 198
62 199
62 200
63 64
63 65
63 66
63 67
63 69
63 70
63 71
63 73
63 80
63 81
63 82
63 84
63 85
63 86
63 89
63 91
63 93
63 94
63 96
63 98
63 100
63 101
63 103
63 105
63 106
63 108
63 109
63 111
63 113
63 114
63 115
63 118
63 119
63 120
63 121
63 122
63 124
63 125
63 127
63 128
63 129
63 130
63 133
63 135
63 141
63 142
63 143
63 145
63 146
63 149
63 150
63 151
63 156
63 157
63 159
63 160
63 162
63 164
63 165
63 166
63 169
63 170
63 171
63 173
63 174
63 175
63 176
63 179
63 180
63 181
63 187
63 188
63 189
63 191
63 192
63 193
63 195
63 196
63 198
63 199
63 200
64 65
64 66
64 67
64 68
64 70
64 73
64 74
64 77
64 78
64 79
64 81
64 82
64 83
64 84
64 87
64 89
64 90
64 92
64 93
64 95
64 97
64 98
64 102
64 107
64 108
64 112
64 113
64 114
64 117
64 118
64 119
64 121
64 125
64 126
64 127
64 129
64 131
64 134
64 135
64 138
64 143
64 145
64 149
64 153
64 154
64 157
64 158
64 159
64 160
64 161
64 163
64 164
64 165
64 166
64 168
64 169
64 170
64 171
64 173
64 175
64 177
64 181
64 182
64 183
64 184
64 186
64 190
64 191
64 192
64 193
64 195
64 196
64 197
64 199
64 200
65 67
65 68
65 69
65 70
65 72
65 76
65 78
65 79
65 83
65 85
65 86
65 87
65 89
65 91
65 92
65 93
65 95
65 96
65 99
65 100
65 101
65 104
65 106
65 107
65 109
65 110
65 114
65 116
65 118
65 121
65 123
65 127
65 130
65 131
65 133
65 134
65 140
65 144
65 145
65 147
65 148
65 149
65 150
65 152
65 153
65 157
65 159
65 161
65 162
65 163
65 164
65 170
65 171
65 172
65 173
65 175
65 176
65 177
65 179
65 180
65 181
65 182
65 186
65 188
65 190
65 191
65 192
65 194
65 196
65 197
65 199
65 200
66 68
66 71
66 74
66 78
66 79
66 80
66 81
66 86
66 87
66 89
66 91
66 93
66 94
66 96
66 97
66 99
66 100
66 101
66 105
66 106
66 107
66 109
66 110
66 113
66 115
66 116
66 119
66 120
66 121
66 122
66 123
66 126
66 127
66 129
66 135
66 137
66 138
66 146
66 147
66 149
66 150
66 151
66 153
66 154
66 155
66 156
66 157
66 160
66 161
66 162
66 173
66 175
66 177
66 178
66 179
66 180
66 183
66 184
66 185
66 189
66 193
66 194
66 197
67 68
67 69
67 70
67 71
67 72
67 73
67 77
67 78
67 79
67 80
67 84
67 85
67 86
67 88
67 89
67 92
67 94
67 96
67 97
67 100
67 102
67 103
67 106
67 107
67 109
67 110
67 111
67 112
67 113
67 114
67 115
67 116
67 118
67 119
67 120
67 122
67 124
67 125
67 126
67 128
67 135
67 137
67 143
67 146
67 155
67 157
67 158
67 160
67 161
67 162
67 164
67 165
67 166
67 167
67 168
67 170
67 171
67 173
67 174
67 176
67 177
67 179
67 180
67 184
67 186
67 188
67 189
67 190
67 192
67 194
67 195
67 196
67 197
67 199
67 200
68 69
68 72
68 73
68 74
68 75
68 79
68 80
68 83
68 85
68 86
68 88
68 90
68 93
68 94
68 97
68 98
68 100
68 103
68 105
68 108
68 109
68 110
68 111
68 112
68 115
68 117
68 118
68 123
68 124
68 127
68 134
68 135
68 136
68 137
68 138
68 141
68 144
68 146
68 149
68 152
68 153
68 154
68 155
68 158
68 160
68 162
68 163
68 166
68 168
68 173
68 174
68 175
68 182
68 184
68 185
68 186
68 187
68 188
68 190
68 193
68 195
68 196
68 198
69 71
69 72
69 73
69 74
69 75
69 76
69 77
69 83
69 84
69 86
69 88
69 89
69 90
69 93
69 96
69 97
69 98
69 99
69 100
69 103
69 104
69 105
69 106
69 108
69 114
69 118
69 119
69 121
69 122
69 124
69 125
69 127
69 128
69 129
69 130
69 131
69 132
69 136
69 138
69 141
69 142
69 143
69 149
69 152
69 154
69 155
69 156
69 157
69 159
69 160
69 161
69 164
69 165
69 166
69 167
69 168
69 170
69 171
69 173
69 174
69 175
69 176
69 179
69 180
69 183
69 187
69 188
69 189
69 190
69 191
69 192
69 194
69 195
69 196
69 199
69 200
70 72
70 73
70 75
70 76
70 78
70 80
70 82
70 87
70 88
70 91
70 92
70 94
70 95
70 104
70 105
70 106
70 109
70 112
70 113
70 116
70 124
70 126
70 129
70 131
70 132
70 134
70 135
70 136
70 138
70 139
70 141
70 145
70 146
70 147
70 148
70 149
70 157
70 158
70 161
70 163
70 164
70 166
70 167
70 169
70 173
70 175
70 180
70 181
70 182
70 184
70 185
70 186
70 187
70 188
70 192
70 193
70 194
70 195
70 196
71 74
71 75
71 79
71 81
71 82
71 83
71 84
71 85
71 86
71 87
71 88
71 90
71 94
71 96
71 98
71 101
71 106
71 107
71 110
71 113
71 114
71 115
71 118
71 119
71 120
71 121
71 122
71 125
71 126
71 129
71 130
71 132
71 136
71 139
71 140
71 142
71 144
71 148
71 149
71 150
71 152
71 153
71 154
71 156
71 157
71 158
71 159
71 160
71 166
71 168
71 169
71 171
71 172
71 176
71 177
71 182
71 184
71 185
71 189
71 191
71 194
71 196
71 199
72 73
72 75
72 76
72 77
72 79
72 82
72 86
72 89
72 90
72 91
72 92
72 97
72 100
72 102
72 103
72 105
72 108
72 109
72 112
72 114
72 115
72 116
72 117
72 119
72 121
72 122
72 123
72 124
72 126
72 134
72 140
72 142
72 143
72 144
72 145
72 147
72 148
72 149
72 150
72 153
72 154
72 156
72 160
72 164
72 165
72 167
72 169
72 170
72 172
72 174
72 175
72 178
72 179
72 180
72 182
72 184
72 186
72 187
72 188
72 195
72 199
72 200
73 76
73 80
73 83
73 85
73 87
73 89
73 90
73 91
73 92
73 96
73 97
73 99
73 100
73 102
73 105
73 109
73 111
73 112
73 115
73 116
73 117
73 118
73 120
73 121
73 122
73 124
73 125
73 126
73 129
73 130
73 132
73 133
73 134
73 137
73 140
73 143
73 147
73 150
73 151
73 153
73 154
73 155
73 156
73 157
73 158
73 159
73 160
73 161
73 162
73 163
73 164
73 165
73 167
73 169
73 170
73 171
73 175
73 177
73 180
73 182
73 183
73 186
73 188
73 189
73 195
73 196
74 81
74 83
74 85
74 88
74 90
74 91
74 93
74 94
74 96
74 101
74 102
74 104
74 107
74 108
74 109
74 110
74 111
74 115
74 116
74 117
74 119
74 120
74 121
74 122
74 123
74 124
74 126
74 127
74 128
74 129
74 131
74 132
74 133
74 136
74 137
74 140
74 141
74 142
74 144
74 146
74 147
74 150
74 151
74 152
74 153
74 154
74 156
74 158
74 161
74 164
74 167
74 169
74 171
74 174
74 175
74 179
74 180
74 182
74 183
74 184
74 186
74 187
74 188
74 189
74 190
74 191
74 193
74 199
74 200
75 76
75 77
75 82
75 83
75 86
75 87
75 88
75 89
75 90
75 91
75 94
75 95
75 96
75 97
75 99
75 101
75 102
75 104
75 105
75 106
75 110
75 112
75 116
75 120
75 121
75 122
75 123
75 125
75 129
75 130
75 132
75 133
75 135
75 141
75 145
75 146
75 150
75 152
75 158
75 160
75 162
75 163
75 164
75 165
75 166
75 171
75 172
75 179
75 180
75 181
75 182
75 184
75 187
75 190
75 191
75 193
75 196
75 197
75 198
75 199
75 200
76 77
76 79
76 80
76 81
76 84
76 85
76 89
76 90
76 91
76 93
76 96
76 98
76 103
76 105
76 108
76 110
76 113
76 115
76 116
76 119
76 120
76 121
76 128
76 129
76 133
76 134
76 138
76 139
76 140
76 143
76 144
76 146
76 149
76 152
76 156
76 158
76 159
76 161
76 163
76 165
76 169
76 172
76 173
76 177
76 178
76 182
76 186
76 188
76 191
76 192
76 193
76 194
76 197
76 200
77 78
77 84
77 87
77 89
77 90
77 91
77 94
77 97
77 98
77 100
77 101
77 102
77 105
77 107
77 108
77 111
77 114
77 115
77 116
77 119
77 120
77 121
77 125
77 128
77 129
77 131
77 133
77 135
77 136
77 141
77 142
77 143
77 149
77 150
77 151
77 152
77 153
77 155
77 156
77 158
77 159
77 160
77 161
77 163
77 166
77 167
77 172
77 173
77 174
77 175
77 178
77 179
77 180
77 184
77 187
77 188
77 189
77 191
77 195
77 197
77 198
78 79
78 81
78 84
78 85
78 87
78 88
78 93
78 94
78 95
78 101
78 102
78 107
78 110
78 112
78 113
78 114
78 116
78 117
78 118
78 120
78 121
78 122
78 124
78 125
78 126
78 127
78 129
78 130
78 131
78 132
78 133
78 134
78 135
78 136
78 139
78 142
78 144
78 146
78 147
78 150
78 151
78 152
78 153
78 155
78 161
78 164
78 165
78 166
78 168
78 171
78 173
78 174
78 175
78 181
78 182
78 183
78 185
78 186
78 191
78 192
78 194
78 195
78 196
78 197
78 200
79 83
79 85
79 86
79 87
79 88
79 90
79 95
79 96
79 97
79 98
79 99
79 100
79 103
79 105
79 106
79 107
79 108
79 111
79 112
79 113
79 114
79 115
79 122
79 125
79 126
79 127
79 130
79 131
79 132
79 133
79 134
79 135
79 138
79 140
79 141
79 146
79 148
79 149
79 150
79 151
79 153
79 154
79 156
79 158
79 160
79 162
79 164
79 165
79 169
79 170
79 171
79 173
79 175
79 176
79 178
79 180
79 182
79 183
79 185
79 187
79 188
79 191
79 192
79 194
79 196
79 198
80 81
80 86
80 88
80 89
80 91
80 92
80 94
80 96
80 98
80 100
80 103
80 105
80 108
80 109
80 110
80 113
80 116
80 118
80 122
80 126
80 128
80 129
80 130
80 132
80 133
80 134
80 137
80 138
80 140
80 143
80 150
80 151
80 152
80 153
80 154
80 155
80 157
80 158
80 159
80 161
80 164
80 168
80 170
80 172
80 174
80 176
80 177
80 178
80 179
80 182
80 183
80 184
80 186
80 187
80 188
80 189
80 191
80 192
80 194
80 195
80 197
80 198
81 83
81 85
81 86
81 87
81 89
81 90
81 96
81 98
81 99
81 100
81 101
81 102
81 104
81 105
81 110
81 111
81 112
81 114
81 116
81 117
81 121
81 127
81 129
81 130
81 132
81 135
81 138
81 142
81 143
81 144
81 145
81 146
81 148
81 150
81 151
81 153
81 157
81 158
81 159
81 161
81 173
81 175
81 179
81 180
81 183
81 184
81 185
81 186
81 187
81 188
81 189
81 191
81 193
81 194
81 195
81 196
81 198
81 200
82 83
82 85
82 92
82 94
82 99
82 104
82 106
82 109
82 110
82 111
82 115
82 116
82 117
82 118
82 119
82 122
82 128
82 129
82 132
82 135
82 136
82 137
82 139
82 141
82 145
82 148
82 152
82 153
82 154
82 155
82 161
82 166
82 169
82 170
82 172
82 173
82 175
82 176
82 177
82 179
82 180
82 182
82 184
82 185
82 189
82 191
82 196
83 87
83 88
83 90
83 91
83 93
83 95
83 96
83 99
83 101
83 102
83 103
83 105
83 106
83 111
83 113
83 117
83 118
83 119
83 120
83 124
83 125
83 126
83 127
83 128
83 129
83 134
83 135
83 136
83 137
83 139
83 140
83 141
83 142
83 143
83 144
83 145
83 148
83 151
83 152
83 154
83 155
83 156
83 157
83 158
83 159
83 160
83 161
83 162
83 164
83 165
83 167
83 169
83 171
83 174
83 176
83 180
83 184
83 186
83 188
83 189
83 191
83 194
83 195
83 196
83 199
83 200
84 85
84 88
84 91
84 92
84 96
84 97
84 98
84 100
84 104
84 105
84 108
84 110
84 111
84 112
84 113
84 115
84 118
84 121
84 124
84 126
84 127
84 132
84 133
84 134
84 139
84 140
84 142
84 143
84 144
84 151
84 152
84 154
84 156
84 159
84 163
84 164
84 165
84 171
84 173
84 174
84 175
84 176
84 178
84 179
84 180
84 182
84 186
84 192
84 193
84 194
84 195
84 197
84 200
85 86
85 87
85 94
85 97
85 101
85 102
85 103
85 106
85 108
85 110
85 111
85 112
85 113
85 115
85 116
85 121
85 122
85 126
85 128
85 129
85 132
85 134
85 136
85 139
85 144
85 145
85 148
85 149
85 151
85 152
85 153
85 155
85 157
85 160
85 161
85 162
85 163
85 166
85 167
85 168
85 169
85 170
85 171
85 175
85 176
85 179
85 180
85 181
85 182
85 186
85 188
85 189
85 190
85 191
85 194
85 197
85 200
86 89
86 91
86 94
86 96
86 98
86 101
86 102
86 104
86 109
86 113
86 117
86 119
86 120
86 122
86 124
86 126
86 129
86 132
86 133
86 136
86 138
86 140
86 142
86 144
86 146
86 147
86 150
86 152
86 154
86 155
86 156
86 158
86 160
86 162
86 163
86 164
86 165
86 172
86 174
86 176
86 177
86 180
86 181
86 185
86 186
86 187
86 188
86 190
86 192
86 197
86 198
86 199
87 88
87 89
87 90
87 91
87 93
87 97
87 98
87 100
87 101
87 102
87 103
87 105
87 106
87 107
87 108
87 109
87 110
87 112
87 113
87 114
87 117
87 119
87 121
87 123
87 124
87 128
87 130
87 131
87 132
87 134
87 135
87 136
87 137
87 138
87 142
87 143
87 145
87 149
87 150
87 152
87 153
87 154
87 155
87 158
87 160
87 162
87 163
87 164
87 166
87 168
87 170
87 171
87 172
87 175
87 178
87 179
87 180
87 182
87 183
87 184
87 189
87 190
87 191
87 194
87 196
87 198
87 199
88 90
88 93
88 94
88 95
88 100
88 102
88 103
88 107
88 108
88 109
88 112
88 113
88 116
88 117
88 118
88 120
88 121
88 123
88 124
88 126
88 128
88 132
88 135
88 136
88 138
88 141
88 142
88 144
88 145
88 146
88 147
88 148
88 149
88 151
88 153
88 156
88 157
88 158
88 159
88 160
88 161
88 162
88 164
88 165
88 166
88 168
88 169
88 170
88 171
88 173
88 174
88 175
88 176
88 177
88 178
88 181
88 184
88 185
88 187
88 188
88 189
88 190
88 191
88 193
88 195
88 196
88 199
88 200
89 90
89 91
89 96
89 97
89 98
89 101
89 102
89 105
89 106
89 107
89 108
89 109
89 111
89 113
89 114
89 115
89 117
89 120
89 123
89 127
89 128
89 129
89 130
89 131
89 132
89 133
89 135
89 136
89 137
89 139
89 140
89 141
89 142
89 143
89 144
89 146
89 147
89 148
89 149
89 153
89 154
89 155
89 157
89 158
89 160
89 162
89 163
89 164
89 165
89 166
89 169
89 171
89 172
89 173
89 174
89 175
89 178
89 179
89 180
89 183
89 184
89 185
89 190
89 194
90 91
90 92
90 94
90 95
90 96
90 97
90 98
90 100
90 101
90 103
90 104
90 111
90 112
90 113
90 114
90 119
90 120
90 123
90 126
90 127
90 129
90 138
90 139
90 144
90 146
90 148
90 149
90 152
90 161
90 163
90 165
90 166
90 167
90 168
90 170
90 173
90 174
90 176
90 177
90 178
90 180
90 182
90 183
90 184
90 185
90 186
90 187
90 191
90 192
90 193
90 194
90 196
90 197
90 200
91 93
91 94
91 95
91 100
91 102
91 103
91 104
91 106
91 109
91 110
91 114
91 115
91 116
91 118
91 122
91 123
91 124
91 125
91 126
91 130
91 131
91 133
91 134
91 136
91 138
91 139
91 141
91 143
91 144
91 145
91 146
91 147
91 148
91 151
91 152
91 154
91 159
91 162
91 167
91 170
91 171
91 172
91 173
91 176
91 178
91 181
91 187
91 189
91 190
91 191
91 193
91 196
91 197
91 198
91 199
91 200
92 94
92 95
92 96
92 97
92 100
92 103
92 104
92 110
92 111
92 116
92 117
92 120
92 122
92 123
92 124
92 126
92 130
92 134
92 136
92 138
92 141
92 143
92 144
92 145
92 148
92 152
92 155
92 156
92 158
92 159
92 161
92 164
92 168
92 174
92 176
92 177
92 179
92 181
92 183
92 184
92 188
92 189
92 190
92 194
92 195
92 196
92 198
92 199
92 200
93 100
93 101
93 102
93 105
93 108
93 110
93 111
93 112
93 114
93 115
93 126
93 127
93 128
93 129
93 130
93 131
93 133
93 134
93 140
93 141
93 145
93 146
93 147
93 149
93 151
93 152
93 153
93 161
93 163
93 165
93 166
93 167
93 168
93 170
93 173
93 174
93 175
93 179
93 182
93 183
93 184
93 186
93 189
93 190
93 194
93 195
93 199
93 200
94 98
94 100
94 107
94 109
94 117
94 121
94 122
94 123
94 130
94 131
94 134
94 135
94 136
94 137
94 140
94 142
94 143
94 147
94 150
94 151
94 153
94 155
94 160
94 161
94 163
94 166
94 168
94 169
94 170
94 172
94 174
94 177
94 180
94 182
94 183
94 184
94 185
94 186
94 187
94 194
94 196
94 198
95 96
95 97
95 100
95 101
95 102
95 106
95 110
95 111
95 116
95 117
95 118
95 119
95 121
95 122
95 125
95 127
95 130
95 131
95 132
95 133
95 136
95 139
95 141
95 142
95 144
95 147
95 150
95 152
95 153
95 154
95 158
95 160
95 163
95 165
95 166
95 167
95 170
95 172
95 177
95 180
95 181
95 183
95 184
95 187
95 190
95 192
95 193
95 194
95 195
95 198
95 199
95 200
96 97
96 100
96 101
96 102
96 103
96 105
96 112
96 113
96 116
96 120
96 122
96 124
96 125
96 133
96 138
96 140
96 143
96 144
96 148
96 149
96 150
96 152
96 155
96 157
96 160
96 162
96 163
96 164
96 166
96 167
96 169
96 170
96 171
96 172
96 175
96 178
96 183
96 184
96 185
96 191
96 192
96 194
96 197
96 199
96 200
97 98
97 99
97 100
97 101
97 102
97 104
97 105
97 108
97 109
97 114
97 117
97 118
97 120
97 121
97 123
97 124
97 125
97 126
97 127
97 131
97 133
97 134
97 136
97 137
97 141
97 142
97 143
97 145
97 150
97 154
97 156
97 157
97 159
97 160
97 165
97 167
97 168
97 169
97 170
97 172
97 173
97 174
97 177
97 180
97 181
97 185
97 188
97 189
97 191
97 193
97 195
97 197
97 198
97 199
98 99
98 101
98 102
98 103
98 105
98 107
98 109
98 111
98 114
98 115
98 116
98 117
98 120
98 122
98 123
98 125
98 126
98 128
98 129
98 133
98 134
98 137
98 138
98 143
98 144
98 146
98 149
98 150
98 151
98 154
98 155
98 157
98 158
98 159
98 161
98 163
98 164
98 167
98 168
98 169
98 172
98 173
98 176
98 178
98 183
98 186
98 188
98 190
98 191
98 192
98 194
98 195
99 100
99 103
99 104
99 105
99 107
99 109
99 113
99 115
99 116
99 117
99 118
99 119
99 121
99 128
99 130
99 131
99 132
99 135
99 137
99 139
99 141
99 142
99 144
99 146
99 147
99 150
99 151
99 155
99 156
99 159
99 162
99 165
99 166
99 167
99 168
99 169
99 170
99 171
99 172
99 173
99 176
99 177
99 178
99 180
99 185
99 189
99 190
99 191
99 193
99 194
99 195
99 196
99 197
99 198
100 101
100 103
100 104
100 105
100 110
100 111
100 115
100 117
100 118
100 119
100 121
100 123
100 127
100 129
100 131
100 132
100 133
100 134
100 135
100 136
100 140
100 142
100 143
100 145
100 146
100 149
100 151
100 156
100 157
100 160
100 163
100 165
100 166
100 167
100 170
100 173
100 177
100 178
100 179
100 181
100 182
100 185
100 188
100 192
100 193
100 194
100 195
100 196
100 198
100 200
101 105
101 106
101 107
101 108
101 109
101 112
101 113
101 115
101 117
101 118
101 119
101 121
101 122
101 126
101 127
101 128
101 129
101 131
101 133
101 134
101 135
101 140
101 143
101 144
101 145
101 150
101 151
101 153
101 155
101 158
101 160
101 161
101 164
101 168
101 169
101 170
101 171
101 173
101 174
101 175
101 178
101 179
101 180
101 184
101 185
101 188
101 190
101 192
101 193
101 196
101 197
101 198
102 103
102 104
102 105
102 109
102 111
102 113
102 114
102 118
102 119
102 121
102 123
102 126
102 127
102 130
102 133
102 134
102 135
102 139
102 140
102 141
102 143
102 144
102 145
102 148
102 150
102 153
102 157
102 158
102 160
102 161
102 162
102 164
102 168
102 171
102 172
102 175
102 178
102 179
102 181
102 184
102 186
102 187
102 188
102 189
102 190
102 197
102 198
102 199
102 200
103 104
103 106
103 110
103 111
103 112
103 113
103 118
103 119
103 120
103 122
103 123
103 125
103 126
103 127
103 133
103 135
103 137
103 138
103 140
103 141
103 142
103 144
103 147
103 150
103 152
103 154
103 155
103 156
103 157
103 158
103 159
103 160
103 161
103 162
103 163
103 165
103 168
103 170
103 171
103 174
103 175
103 181
103 182
103 183
103 186
103 189
103 190
103 193
103 194
103 197
103 198
103 200
104 105
104 106
104 108
104 110
104 112
104 113
104 115
104 118
104 120
104 122
104 123
104 126
104 127
104 129
104 130
104 131
104 134
104 135
104 136
104 137
104 138
104 139
104 141
104 142
104 143
104 144
104 148
104 150
104 154
104 156
104 158
104 162
104 166
104 168
104 172
104 173
104 174
104 175
104 176
104 177
104 178
104 179
104 180
104 182
104 183
104 189
104 191
104 193
104 194
104 198
104 199
105 109
105 110
105 111
105 114
105 116
105 118
105 119
105 120
105 121
105 122
105 124
105 125
105 126
105 131
105 134
105 136
105 141
105 142
105 148
105 151
105 152
105 153
105 154
105 158
105 160
105 161
105 163
105 165
105 167
105 168
105 169
105 170
105 171
105 172
105 173
105 174
105 175
105 176
105 179
105 180
105 181
105 182
105 183
105 185
105 187
105 188
105 189
105 191
105 195
105 196
105 198
105 200
106 109
106 113
106 116
106 119
106 121
106 122
106 124
106 125
106 126
106 128
106 129
106 130
106 132
106 133
106 134
106 135
106 136
106 138
106 140
106 143
106 144
106 145
106 147
106 148
106 150
106 155
106 156
106 157
106 159
106 162
106 164
106 165
106 168
106 169
106 170
106 171
106 172
106 174
106 177
106 178
106 180
106 182
106 184
106 187
106 188
106 190
106 191
106 192
106 194
106 200
107 109
107 113
107 115
107 117
107 119
107 121
107 122
107 124
107 125
107 127
107 128
107 129
107 131
107 137
107 138
107 139
107 142
107 143
107 144
107 146
107 147
107 148
107 149
107 153
107 154
107 155
107 156
107 160
107 162
107 164
107 165
107 167
107 168
107 171
107 172
107 179
107 180
107 181
107 182
107 183
107 186
107 187
107 188
107 190
107 194
107 195
107 197
107 198
108 109
108 110
108 112
108 114
108 116
108 119
108 121
108 123
108 124
108 126
108 127
108 130
108 132
108 134
108 135
108 136
108 139
108 140
108 142
108 144
108 147
108 151
108 152
108 154
108 155
108 156
108 157
108 158
108 159
108 160
108 163
108 164
108 167
108 169
108 173
108 175
108 176
108 180
108 181
108 182
108 183
108 185
108 187
108 191
108 192
108 194
108 197
108 198
108 200
109 110
109 111
109 112
109 113
109 115
109 117
109 118
109 119
109 121
109 122
109 124
109 125
109 128
109 130
109 134
109 136
109 137
109 139
109 140
109 144
109 145
109 147
109 149
109 151
109 152
109 153
109 154
109 156
109 157
109 158
109 159
109 160
109 161
109 162
109 165
109 168
109 171
109 174
109 175
109 177
109 179
109 182
109 184
109 186
109 187
109 188
109 190
109 196
109 197
109 198
110 111
110 116
110 120
110 124
110 125
110 127
110 129
110 131
110 132
110 133
110 134
110 135
110 139
110 141
110 143
110 144
110 145
110 148
110 150
110 152
110 154
110 155
110 156
110 157
110 158
110 160
110 162
110 163
110 164
110 165
110 169
110 172
110 174
110 175
110 176
110 177
110 181
110 182
110 187
110 188
110 189
110 192
110 194
110 195
110 196
111 112
111 114
111 116
111 118
111 119
111 121
111 122
111 123
111 124
111 127
111 129
111 130
111 133
111 134
111 137
111 138
111 139
111 140
111 141
111 142
111 145
111 147
111 149
111 150
111 152
111 153
111 155
111 161
111 162
111 164
111 166
111 167
111 170
111 172
111 173
111 175
111 177
111 178
111 180
111 182
111 184
111 185
111 186
111 188
111 192
111 193
111 195
111 196
111 197
111 199
111 200
112 114
112 118
112 121
112 123
112 125
112 126
112 127
112 130
112 131
112 135
112 141
112 143
112 145
112 147
112 148
112 151
112 152
112 153
112 154
112 157
112 158
112 160
112 163
112 164
112 165
112 166
112 167
112 171
112 173
112 175
112 176
112 180
112 181
112 186
112 189
112 190
112 191
112 194
112 195
112 196
112 197
112 198
112 199
113 114
113 115
113 116
113 124
113 125
113 126
113 127
113 129
113 130
113 133
113 134
113 135
113 136
113 139
113 140
113 142
113 146
113 148
113 150
113 151
113 153
113 155
113 156
113 157
113 158
113 161
113 166
113 167
113 168
113 169
113 173
113 174
113 175
113 177
113 178
113 180
113 182
113 183
113 184
113 185
113 186
113 189
113 191
113 196
113 198
113 200
114 117
114 118
114 122
114 124
114 125
114 127
114 128
114 129
114 130
114 133
114 134
114 135
114 138
114 141
114 143
114 145
114 151
114 153
114 156
114 158
114 159
114 162
114 164
114 166
114 167
114 169
114 172
114 173
114 175
114 177
114 178
114 179
114 181
114 182
114 186
114 187
114 188
114 189
114 190
114 191
114 192
114 193
114 194
114 196
114 197
114 198
114 199
115 118
115 120
115 123
115 129
115 132
115 133
115 135
115 137
115 138
115 139
115 141
115 143
115 144
115 147
115 148
115 149
115 151
115 152
115 153
115 154
115 156
115 158
115 165
115 167
115 168
115 169
115 173
115 178
115 180
115 183
115 186
115 187
115 188
115 190
115 192
115 193
115 194
115 195
115 196
115 197
116 117
116 118
116 120
116 123
116 130
116 131
116 132
116 134
116 135
116 140
116 141
116 143
116 144
116 146
116 148
116 149
116 150
116 154
116 155
116 157
116 159
116 160
116 162
116 163
116 168
116 170
116 172
116 173
116 174
116 175
116 176
116 177
116 180
116 182
116 184
116 185
116 186
116 187
116 188
116 189
116 191
116 193
116 195
116 196
116 197
116 198
116 200
117 118
117 121
117 122
117 124
117 125
117 127
117 128
117 129
117 133
117 136
117 138
117 139
117 140
117 142
117 143
117 144
117 145
117 147
117 152
117 153
117 156
117 159
117 161
117 162
117 166
117 167
117 168
117 169
117 170
117 172
117 174
117 180
117 182
117 183
117 186
117 187
117 188
117 193
117 194
117 196
117 198
117 199
118 120
118 122
118 123
118 125
118 126
118 127
118 129
118 130
118 131
118 132
118 134
118 135
118 136
118 137
118 139
118 140
118 142
118 144
118 146
118 147
118 148
118 150
118 153
118 157
118 158
118 159
118 162
118 164
118 165
118 169
118 172
118 175
118 176
118 177
118 178
118 179
118 180
118 181
118 183
118 186
118 187
118 188
118 190
118 191
118 193
118 197
118 198
119 120
119 121
119 123
119 126
119 127
119 129
119 130
119 131
119 132
119 133
119 135
119 137
119 143
119 144
119 145
119 146
119 147
119 150
119 151
119 152
119 154
119 155
119 160
119 162
119 164
119 166
119 167
119 168
119 172
119 175
119 177
119 182
119 183
119 185
119 186
119 188
119 190
119 191
119 192
119 194
119 195
119 196
119 197
119 198
120 121
120 122
120 124
120 126
120 127
120 131
120 135
120 137
120 139
120 140
120 141
120 142
120 145
120 148
120 151
120 152
120 154
120 155
120 156
120 157
120 159
120 160
120 161
120 162
120 164
120 166
120 167
120 168
120 169
120 176
120 178
120 181
120 186
120 187
120 189
120 190
120 191
120 192
120 194
120 199
120 200
121 123
121 124
121 126
121 127
121 128
121 129
121 132
121 133
121 138
121 140
121 143
121 144
121 147
121 149
121 150
121 153
121 154
121 155
121 157
121 158
121 160
121 161
121 163
121 165
121 166
121 172
121 176
121 179
121 180
121 181
121 183
121 184
121 185
121 186
121 187
121 189
121 190
121 193
121 194
121 198
122 123
122 128
122 129
122 133
122 136
122 138
122 141
122 142
122 143
122 145
122 146
122 147
122 149
122 150
122 152
122 154
122 155
122 157
122 159
122 162
122 164
122 165
122 168
122 169
122 170
122 171
122 174
122 177
122 180
122 182
122 183
122 188
122 190
122 192
122 195
122 196
122 197
122 199
123 124
123 126
123 129
123 130
123 131
123 132
123 133
123 134
123 135
123 137
123 138
123 140
123 141
123 142
123 144
123 145
123 148
123 149
123 150
123 152
123 154
123 155
123 157
123 160
123 162
123 165
123 167
123 168
123 171
123 172
123 174
123 177
123 178
123 179
123 184
123 185
123 188
123 191
123 193
123 194
123 196
123 198
123 200
124 131
124 133
124 139
124 145
124 146
124 150
124 153
124 154
124 155
124 158
124 160
124 162
124 163
124 165
124 166
124 167
124 168
124 169
124 171
124 173
124 174
124 175
124 180
124 181
124 185
124 192
124 194
124 200
125 126
125 127
125 130
125 131
125 132
125 133
125 134
125 135
125 136
125 137
125 141
125 142
125 144
125 146
125 148
125 151
125 152
125 153
125 154
125 156
125 164
125 166
125 167
125 168
125 170
125 171
125 172
125 173
125 177
125 178
125 179
125 180
125 181
125 182
125 183
125 185
125 186
125 187
125 190
125 192
125 193
125 195
125 196
125 197
125 199
126 127
126 130
126 133
126 134
126 135
126 137
126 138
126 139
126 140
126 142
126 147
126 148
126 150
126 154
126 155
126 156
126 158
126 159
126 161
126 162
126 169
126 170
126 172
126 174
126 177
126 178
126 179
126 180
126 182
126 183
126 184
126 185
126 186
126 187
126 189
126 190
126 191
126 192
126 193
126 194
126 195
126 196
126 197
127 131
127 136
127 140
127 141
127 142
127 144
127 145
127 151
127 155
127 157
127 158
127 160
127 161
127 162
127 163
127 164
127 165
127 167
127 168
127 171
127 175
127 176
127 179
127 180
127 182
127 183
127 184
127 185
127 187
127 189
127 192
127 195
127 196
127 197
127 198
128 130
128 131
128 133
128 135
128 136
128 138
128 140
128 141
128 142
128 144
128 145
128 148
128 149
128 150
128 151
128 152
128 154
128 156
128 159
128 160
128 161
128 162
128 163
128 164
128 165
128 166
128 167
128 170
128 172
128 175
128 176
128 177
128 179
128 181
128 182
128 183
128 185
128 192
128 196
128 197
128 199
129 130
129 131
129 132
129 134
129 135
129 137
129 138
129 140
129 142
129 143
129 146
129 150
129 152
129 154
129 155
129 156
129 158
129 159
129 161
129 163
129 164
129 166
129 167
129 169
129 170
129 171
129 172
129 174
129 175
129 177
129 179
129 180
129 181
129 182
129 183
129 186
129 187
129 190
129 192
129 194
130 131
130 132
130 134
130 135
130 137
130 138
130 140
130 141
130 142
130 145
130 147
130 148
130 149
130 151
130 153
130 154
130 155
130 160
130 161
130 162
130 167
130 170
130 172
130 173
130 175
130 179
130 180
130 181
130 182
130 188
130 189
130 190
130 191
130 192
130 196
130 197
130 199
131 132
131 136
131 140
131 142
131 145
131 147
131 148
131 149
131 150
131 155
131 156
131 157
131 158
131 159
131 160
131 165
131 166
131 167
131 168
131 169
131 171
131 174
131 176
131 177
131 178
131 180
131 182
131 183
131 184
131 188
131 192
131 193
131 194
131 195
131 196
131 200
132 133
132 134
132 137
132 138
132 139
132 140
132 141
132 142
132 144
132 145
132 149
132 151
132 154
132 156
132 159
132 160
132 161
132 162
132 163
132 165
132 168
132 171
132 173
132 175
132 177
132 179
132 180
132 182
132 184
132 186
132 187
132 189
132 191
132 193
132 194
132 195
132 197
133 135
133 136
133 138
133 141
133 144
133 145
133 146
133 152
133 153
133 154
133 159
133 162
133 163
133 164
133 166
133 167
133 168
133 170
133 171
133 173
133 176
133 177
133 178
133 179
133 182
133 183
133 184
133 185
133 186
133 187
133 188
133 190
133 192
133 194
133 196
133 197
133 198
133 199
134 136
134 138
134 142
134 143
134 144
134 146
134 147
134 148
134 149
134 151
134 154
134 155
134 157
134 160
134 162
134 163
134 165
134 169
134 171
134 175
134 181
134 183
134 185
134 187
134 189
134 190
134 193
134 194
134 195
134 196
134 197
134 199
135 137
135 139
135 140
135 141
135 142
135 144
135 145
135 149
135 150
135 151
135 152
135 155
135 158
135 161
135 162
135 163
135 165
135 167
135 168
135 169
135 170
135 171
135 172
135 174
135 175
135 178
135 184
135 187
135 189
135 190
135 194
135 195
135 198
135 199
135 200
136 142
136 143
136 145
136 148
136 149
136 151
136 152
136 154
136 155
136 159
136 163
136 164
136 165
136 166
136 173
136 175
136 176
136 177
136 179
136 183
136 186
136 189
136 191
136 192
136 193
136 194
136 195
136 197
136 199
136 200
137 140
137 141
137 144
137 146
137 148
137 154
137 155
137 157
137 159
137 161
137 162
137 163
137 164
137 165
137 167
137 168
137 169
137 170
137 174
137 175
137 177
137 178
137 179
137 181
137 182
137 183
137 184
137 185
137 186
137 189
137 190
137 191
137 192
137 195
137 197
138 140
138 141
138 147
138 148
138 149
138 150
138 152
138 153
138 156
138 159
138 160
138 161
138 162
138 163
138 164
138 168
138 169
138 170
138 171
138 172
138 173
138 178
138 180
138 182
138 185
138 186
138 187
138 189
138 190
138 191
138 192
138 193
138 194
138 195
138 197
138 198
138 199
139 140
139 147
139 148
139 149
139 151
139 153
139 158
139 159
139 162
139 164
139 165
139 167
139 168
139 169
139 172
139 173
139 176
139 177
139 178
139 179
139 181
139 184
139 185
139 189
139 194
139 197
140 141
140 142
140 144
140 146
140 147
140 149
140 150
140 151
140 152
140 154
140 155
140 164
140 165
140 168
140 171
140 172
140 173
140 175
140 176
140 180
140 181
140 184
140 186
140 187
140 188
140 193
140 195
140 196
140 197
140 200
141 143
141 144
141 145
141 147
141 149
141 150
141 151
141 152
141 153
141 155
141 156
141 157
141 158
141 160
141 161
141 162
141 163
141 166
141 170
141 174
141 175
141 176
141 177
141 181
141 182
141 187
141 190
141 191
141 192
141 193
141 195
141 198
142 144
142 148
142 150
142 152
142 154
142 156
142 157
142 162
142 164
142 167
142 168
142 171
142 173
142 178
142 179
142 181
142 182
142 183
142 184
142 185
142 187
142 188
142 189
142 190
142 192
142 193
142 194
142 195
142 196
142 197
142 198
142 199
142 200
143 144
143 148
143 152
143 153
143 158
143 159
143 160
143 161
143 165
143 167
143 168
143 169
143 171
143 173
143 177
143 179
143 180
143 182
143 186
143 187
143 192
143 197
143 198
144 145
144 146
144 147
144 148
144 149
144 150
144 152
144 154
144 156
144 158
144 159
144 161
144 165
144 168
144 169
144 171
144 172
144 177
144 178
144 179
144 180
144 181
144 184
144 185
144 186
144 193
144 195
144 196
144 199
144 200
145 147
145 148
145 149
145 151
145 155
145 158
145 161
145 163
145 164
145 168
145 170
145 171
145 173
145 178
145 179
145 180
145 181
145 185
145 187
145 190
145 191
145 194
145 196
145 198
145 199
146 147
146 149
146 155
146 163
146 164
146 165
146 166
146 167
146 168
146 169
146 173
146 174
146 181
146 182
146 184
146 185
146 188
146 189
146 190
146 191
146 192
146 197
146 200
147 148
147 149
147 155
147 158
147 162
147 163
147 165
147 166
147 167
147 168
147 169
147 171
147 172
147 173
147 174
147 176
147 179
147 181
147 183
147 186
147 189
147 191
147 198
147 199
148 150
148 152
148 155
148 156
148 157
148 158
148 159
148 160
148 163
148 166
148 169
148 170
148 172
148 176
148 177
148 178
148 181
148 182
148 184
148 187
148 193
148 196
148 199
148 200
149 150
149 151
149 154
149 155
149 157
149 159
149 161
149 163
149 164
149 166
149 167
149 169
149 171
149 172
149 173
149 178
149 179
149 181
149 185
149 186
149 191
149 192
149 194
149 196
149 197
149 198
149 199
150 152
150 153
150 154
150 155
150 156
150 157
150 161
150 162
150 165
150 166
150 168
150 171
150 172
150 175
150 177
150 178
150 180
150 181
150 189
150 191
150 193
150 194
150 196
150 198
150 199
150 200
151 152
151 155
151 157
151 159
151 160
151 162
151 165
151 166
151 167
151 169
151 171
151 173
151 176
151 182
151 185
151 186
151 192
151 193
151 194
151 200
152 153
152 154
152 155
152 156
152 157
152 161
152 163
152 165
152 168
152 169
152 170
152 172
152 173
152 175
152 176
152 179
152 182
152 184
152 186
152 189
152 190
152 193
152 195
152 196
152 197
152 200
153 156
153 160
153 162
153 163
153 166
153 167
153 170
153 173
153 174
153 176
153 177
153 183
153 186
153 187
153 190
153 192
153 193
153 194
153 195
153 197
153 198
153 199
154 155
154 157
154 161
154 163
154 164
154 165
154 170
154 172
154 173
154 175
154 177
154 179
154 180
154 181
154 183
154 184
154 185
154 186
154 188
154 190
154 191
154 192
154 194
154 198
154 199
155 156
155 160
155 161
155 162
155 163
155 165
155 169
155 173
155 178
155 181
155 184
155 187
155 190
155 192
155 194
155 198
155 199
155 200
156 157
156 158
156 159
156 160
156 161
156 166
156 169
156 170
156 172
156 175
156 177
156 179
156 180
156 181
156 185
156 186
156 188
156 189
156 192
156 193
156 194
156 195
156 196
156 198
156 199
156 200
157 158
157 160
157 163
157 166
157 168
157 169
157 170
157 171
157 172
157 173
157 174
157 175
157 176
157 178
157 183
157 185
157 186
157 187
157 195
157 196
158 159
158 160
158 161
158 162
158 168
158 170
158 175
158 177
158 178
158 179
158 182
158 185
158 186
158 187
158 192
158 194
158 195
158 198
158 200
159 160
159 163
159 164
159 170
159 172
159 174
159 181
159 182
159 183
159 184
159 185
159 186
159 187
159 190
159 193
159 194
159 199
160 162
160 165
160 166
160 168
160 169
160 170
160 172
160 174
160 175
160 178
160 182
160 185
160 187
160 190
160 191
160 193
160 196
160 197
160 198
160 199
160 200
161 164
161 166
161 171
161 172
161 173
161 174
161 180
161 181
161 183
161 186
161 188
161 190
161 191
161 192
161 195
161 196
161 198
161 200
162 163
162 164
162 165
162 167
162 170
162 175
162 177
162 178
162 179
162 186
162 187
162 188
162 193
162 194
162 195
162 198
162 199
162 200
163 164
163 165
163 166
163 167
163 169
163 171
163 172
163 174
163 175
163 177
163 178
163 179
163 182
163 185
163 187
163 189
163 190
163 198
163 200
164 165
164 166
164 167
164 169
164 171
164 172
164 173
164 174
164 176
164 178
164 179
164 180
164 181
164 184
164 186
164 188
164 192
164 195
164 197
164 198
164 199
164 200
165 167
165 169
165 178
165 183
165 185
165 190
165 191
165 192
165 193
165 194
165 195
165 197
165 198
165 200
166 167
166 168
166 171
166 176
166 177
166 179
166 182
166 186
166 187
166 188
166 191
166 194
166 195
166 198
166 199
167 170
167 172
167 173
167 174
167 178
167 179
167 181
167 183
167 184
167 187
167 189
167 190
167 191
167 192
167 194
167 195
167 196
167 197
167 198
167 199
168 173
168 175
168 176
168 182
168 184
168 185
168 188
168 189
168 194
168 195
168 198
168 200
169 171
169 173
169 174
169 175
169 176
169 177
169 179
169 181
169 182
169 183
169 184
169 188
169 191
169 192
169 194
169 195
170 173
170 175
170 177
170 178
170 179
170 180
170 181
170 182
170 183
170 185
170 186
170 190
170 191
170 196
170 199
171 172
171 173
171 174
171 176
171 177
171 178
171 179
171 180
171 181
171 183
171 184
171 185
171 186
171 187
171 188
171 189
171 191
171 192
171 195
171 196
171 197
171 198
171 199
172 173
172 174
172 176
172 177
172 178
172 179
172 180
172 186
172 187
172 191
172 193
172 194
172 196
172 197
173 179
173 181
173 182
173 183
173 184
173 187
173 188
173 189
173 193
173 195
173 196
173 197
173 200
174 175
174 176
174 177
174 178
174 183
174 184
174 185
174 186
174 187
174 188
174 189
174 190
174 194
174 195
174 196
174 197
175 177
175 181
175 182
175 184
175 192
175 193
175 194
175 199
175 200
176 177
176 182
176 184
176 192
176 195
176 196
176 197
176 199
177 181
177 183
177 184
177 186
177 188
177 191
177 193
177 194
177 196
177 197
177 198
177 199
177 200
178 179
178 180
178 183
178 184
178 186
178 188
178 191
178 196
178 198
178 199
178 200
179 180
179 181
179 183
179 184
179 185
179 188
179 190
179 191
179 192
179 194
179 198
179 199
179 200
180 183
180 186
180 187
180 188
180 192
180 193
180 196
181 183
181 184
181 185
181 186
181 188
181 189
181 190
181 191
181 192
181 193
181 195
181 198
181 199
181 200
182 183
182 184
182 185
182 186
182 195
182 196
182 197
182 199
183 185
183 186
183 188
183 190
183 191
183 193
183 194
183 196
183 197
183 198
184 186
184 191
184 192
184 193
184 194
184 195
184 197
184 198
184 199
185 186
185 188
185 192
185 193
185 196
185 200
186 191
186 193
186 196
186 197
186 198
186 199
186 200
187 190
187 193
187 194
187 196
187 198
187 199
188 192
188 198
188 199
189 191
189 195
189 196
189 198
189 199
189 200
190 192
190 193
190 197
190 198
190 199
191 192
191 193
191 195
191 196
191 199
192 193
192 194
192 195
192 196
192 197
192 199
192 200
193 194
193 195
193 196
193 197
193 198
193 199
194 195
194 196
194 198
194 199
194 200
195 197
195 199
196 197
196 198
196 200
197 198
197 199
197 200
198 199
198 200
